0.235831	840495.0
1.179153	858533.9
2.122476	876615.5
4.873438	929543.6
5.816761	947745.1
8.567723	998631.6
9.511046	1010896.2
13.205330	1109355.8
14.148653	1145891.8
16.899616	1251719.9
17.842938	1287730.6
20.593900	1385537.7
21.537223	1415603.1
22.480545	1445401.8
25.231508	1596272.2
26.174830	1647566.4
28.925792	1795221.3
29.869115	1845146.7
33.563400	2061135.8
34.506723	2120347.1
37.257685	2293198.5
38.201007	2351722.4
40.951970	2520005.6
41.895292	2576842.2
42.838615	2653562.7
45.589577	2869932.3
46.532900	2930858.7
49.283861	3107012.5
50.227185	3166842.2
51.170507	3226351.8
53.921469	3423213.4
54.864792	3515004.9
57.615754	3729163.6
58.559077	3783918.5
62.253361	3998084.2
63.196684	4052630.5
65.947646	4285557.2
66.890969	4387522.3
69.641931	4553682.1
70.585254	4598486.2
71.528576	4643721.7
74.279539	4777987.9
75.222861	4824793.7
77.973823	5101447.2
78.917146	5194458.7
79.860468	5224021.6
82.611431	5316314.0
83.554753	5350018.9
86.305715	5454191.7
87.249038	5511515.1
90.000000	5814455.8
90.943323	5826617.2
91.886646	5840582.7
94.637608	5891574.5
95.580930	5912564.7
98.331892	5992690.2
99.275215	6086034.6
100.218538	6182041.2
102.969500	6285007.9
103.912823	6285931.5
106.663784	6303513.6
107.607108	6314642.8
111.301392	6502069.9
112.244715	6587870.4
114.995677	6576232.2
115.938999	6569006.4
118.689962	6567287.6
119.633284	6573335.1
120.576607	6582769.9
123.327569	6761591.6
124.270892	6779352.7
127.021854	6727281.6
127.965177	6717277.7
128.908499	6711288.9
131.659462	6716761.6
132.602784	6745154.4
135.353746	6849451.2
136.297069	6828408.2
139.991354	6788119.8
140.934676	6788601.3
143.685638	6814297.6
144.628961	6830488.9
147.379923	6841963.8
148.323245	6824610.7
149.266568	6811609.9
152.017531	6798577.6
152.960854	6802644.5
155.711816	6803208.7
156.655138	6796748.6
160.349423	6737221.3
161.292746	6726330.2
164.043707	6717382.2
164.987030	6722139.3
167.737992	6653385.2
168.681315	6623811.4
169.624638	6596845.1
172.375600	6537129.8
173.318923	6523217.4
176.069885	6501837.6
177.013207	6497194.6
177.956530	6436732.6
180.707492	6287208.1
181.650815	6253290.2
184.401777	6168890.9
185.345100	6144951.9
189.039384	6016263.2
189.982707	5936661.8
192.733669	5762843.9
193.676992	5720852.2
196.427954	5608261.4
197.371276	5573070.3
198.314599	5539640.4
201.065561	5338237.7
202.008884	5243765.1
204.759846	5065829.6
205.703169	5013544.3
206.646491	4962227.1
209.397454	4818229.9
210.340776	4770835.0
213.091738	4492715.2
214.035061	4402733.5
217.729346	4164864.5
218.672669	4105038.2
221.423631	3932932.6
222.366954	3854987.9
225.117915	3558304.6
226.061238	3496605.3
227.004561	3434828.4
229.755523	3254385.1
230.698846	3192465.5
233.449808	3003605.9
234.393130	2909312.5
238.087415	2610847.6
239.030738	2553018.0
241.781700	2382818.9
242.725023	2323974.7
245.475985	2132770.2
246.419308	2055916.1
247.362630	1978673.2
250.113592	1843132.9
251.056915	1797645.6
253.807877	1663218.1
254.751200	1616553.4
255.694522	1569619.0
258.445485	1435746.0
259.388808	1404595.0
262.139769	1333753.8
263.083092	1309117.3
266.777377	1211108.8
267.720699	1191704.0
