/*--------------------------------*- C++ -*----------------------------------*\
  =========                 |
  \\      /  F ield         | OpenFOAM: The Open Source CFD Toolbox
   \\    /   O peration     | Website:  https://openfoam.org
    \\  /    A nd           | Version:  7
     \\/     M anipulation  |
\*---------------------------------------------------------------------------*/
FoamFile
{
    version     2.0;
    format      ascii;
    class       faceList;
    location    "constant/polyMesh";
    object      faces;
}
// * * * * * * * * * * * * * * * * * * * * * * * * * * * * * * * * * * * * * //


653
(
4(1 52 256 205)
4(51 255 256 52)
4(2 53 257 206)
4(52 256 257 53)
4(3 54 258 207)
4(53 257 258 54)
4(4 55 259 208)
4(54 258 259 55)
4(5 56 260 209)
4(55 259 260 56)
4(6 57 261 210)
4(56 260 261 57)
4(7 58 262 211)
4(57 261 262 58)
4(8 59 263 212)
4(58 262 263 59)
4(9 60 264 213)
4(59 263 264 60)
4(10 61 265 214)
4(60 264 265 61)
4(11 62 266 215)
4(61 265 266 62)
4(12 63 267 216)
4(62 266 267 63)
4(13 64 268 217)
4(63 267 268 64)
4(14 65 269 218)
4(64 268 269 65)
4(15 66 270 219)
4(65 269 270 66)
4(16 67 271 220)
4(66 270 271 67)
4(17 68 272 221)
4(67 271 272 68)
4(18 69 273 222)
4(68 272 273 69)
4(19 70 274 223)
4(69 273 274 70)
4(20 71 275 224)
4(70 274 275 71)
4(21 72 276 225)
4(71 275 276 72)
4(22 73 277 226)
4(72 276 277 73)
4(23 74 278 227)
4(73 277 278 74)
4(24 75 279 228)
4(74 278 279 75)
4(25 76 280 229)
4(75 279 280 76)
4(26 77 281 230)
4(76 280 281 77)
4(27 78 282 231)
4(77 281 282 78)
4(28 79 283 232)
4(78 282 283 79)
4(29 80 284 233)
4(79 283 284 80)
4(30 81 285 234)
4(80 284 285 81)
4(31 82 286 235)
4(81 285 286 82)
4(32 83 287 236)
4(82 286 287 83)
4(33 84 288 237)
4(83 287 288 84)
4(34 85 289 238)
4(84 288 289 85)
4(35 86 290 239)
4(85 289 290 86)
4(36 87 291 240)
4(86 290 291 87)
4(37 88 292 241)
4(87 291 292 88)
4(38 89 293 242)
4(88 292 293 89)
4(39 90 294 243)
4(89 293 294 90)
4(40 91 295 244)
4(90 294 295 91)
4(41 92 296 245)
4(91 295 296 92)
4(42 93 297 246)
4(92 296 297 93)
4(43 94 298 247)
4(93 297 298 94)
4(44 95 299 248)
4(94 298 299 95)
4(45 96 300 249)
4(95 299 300 96)
4(46 97 301 250)
4(96 300 301 97)
4(47 98 302 251)
4(97 301 302 98)
4(48 99 303 252)
4(98 302 303 99)
4(49 100 304 253)
4(99 303 304 100)
4(100 304 305 101)
4(52 103 307 256)
4(102 306 307 103)
4(53 104 308 257)
4(103 307 308 104)
4(54 105 309 258)
4(104 308 309 105)
4(55 106 310 259)
4(105 309 310 106)
4(56 107 311 260)
4(106 310 311 107)
4(57 108 312 261)
4(107 311 312 108)
4(58 109 313 262)
4(108 312 313 109)
4(59 110 314 263)
4(109 313 314 110)
4(60 111 315 264)
4(110 314 315 111)
4(61 112 316 265)
4(111 315 316 112)
4(62 113 317 266)
4(112 316 317 113)
4(63 114 318 267)
4(113 317 318 114)
4(64 115 319 268)
4(114 318 319 115)
4(65 116 320 269)
4(115 319 320 116)
4(66 117 321 270)
4(116 320 321 117)
4(67 118 322 271)
4(117 321 322 118)
4(68 119 323 272)
4(118 322 323 119)
4(69 120 324 273)
4(119 323 324 120)
4(70 121 325 274)
4(120 324 325 121)
4(71 122 326 275)
4(121 325 326 122)
4(72 123 327 276)
4(122 326 327 123)
4(73 124 328 277)
4(123 327 328 124)
4(74 125 329 278)
4(124 328 329 125)
4(75 126 330 279)
4(125 329 330 126)
4(76 127 331 280)
4(126 330 331 127)
4(77 128 332 281)
4(127 331 332 128)
4(78 129 333 282)
4(128 332 333 129)
4(79 130 334 283)
4(129 333 334 130)
4(80 131 335 284)
4(130 334 335 131)
4(81 132 336 285)
4(131 335 336 132)
4(82 133 337 286)
4(132 336 337 133)
4(83 134 338 287)
4(133 337 338 134)
4(84 135 339 288)
4(134 338 339 135)
4(85 136 340 289)
4(135 339 340 136)
4(86 137 341 290)
4(136 340 341 137)
4(87 138 342 291)
4(137 341 342 138)
4(88 139 343 292)
4(138 342 343 139)
4(89 140 344 293)
4(139 343 344 140)
4(90 141 345 294)
4(140 344 345 141)
4(91 142 346 295)
4(141 345 346 142)
4(92 143 347 296)
4(142 346 347 143)
4(93 144 348 297)
4(143 347 348 144)
4(94 145 349 298)
4(144 348 349 145)
4(95 146 350 299)
4(145 349 350 146)
4(96 147 351 300)
4(146 350 351 147)
4(97 148 352 301)
4(147 351 352 148)
4(98 149 353 302)
4(148 352 353 149)
4(99 150 354 303)
4(149 353 354 150)
4(100 151 355 304)
4(150 354 355 151)
4(151 355 356 152)
4(103 154 358 307)
4(104 155 359 308)
4(105 156 360 309)
4(106 157 361 310)
4(107 158 362 311)
4(108 159 363 312)
4(109 160 364 313)
4(110 161 365 314)
4(111 162 366 315)
4(112 163 367 316)
4(113 164 368 317)
4(114 165 369 318)
4(115 166 370 319)
4(116 167 371 320)
4(117 168 372 321)
4(118 169 373 322)
4(119 170 374 323)
4(120 171 375 324)
4(121 172 376 325)
4(122 173 377 326)
4(123 174 378 327)
4(124 175 379 328)
4(125 176 380 329)
4(126 177 381 330)
4(127 178 382 331)
4(128 179 383 332)
4(129 180 384 333)
4(130 181 385 334)
4(131 182 386 335)
4(132 183 387 336)
4(133 184 388 337)
4(134 185 389 338)
4(135 186 390 339)
4(136 187 391 340)
4(137 188 392 341)
4(138 189 393 342)
4(139 190 394 343)
4(140 191 395 344)
4(141 192 396 345)
4(142 193 397 346)
4(143 194 398 347)
4(144 195 399 348)
4(145 196 400 349)
4(146 197 401 350)
4(147 198 402 351)
4(148 199 403 352)
4(149 200 404 353)
4(150 201 405 354)
4(151 202 406 355)
4(153 357 358 154)
4(154 358 359 155)
4(155 359 360 156)
4(156 360 361 157)
4(157 361 362 158)
4(158 362 363 159)
4(159 363 364 160)
4(160 364 365 161)
4(161 365 366 162)
4(162 366 367 163)
4(163 367 368 164)
4(164 368 369 165)
4(165 369 370 166)
4(166 370 371 167)
4(167 371 372 168)
4(168 372 373 169)
4(169 373 374 170)
4(170 374 375 171)
4(171 375 376 172)
4(172 376 377 173)
4(173 377 378 174)
4(174 378 379 175)
4(175 379 380 176)
4(176 380 381 177)
4(177 381 382 178)
4(178 382 383 179)
4(179 383 384 180)
4(180 384 385 181)
4(181 385 386 182)
4(182 386 387 183)
4(183 387 388 184)
4(184 388 389 185)
4(185 389 390 186)
4(186 390 391 187)
4(187 391 392 188)
4(188 392 393 189)
4(189 393 394 190)
4(190 394 395 191)
4(191 395 396 192)
4(192 396 397 193)
4(193 397 398 194)
4(194 398 399 195)
4(195 399 400 196)
4(196 400 401 197)
4(197 401 402 198)
4(198 402 403 199)
4(199 403 404 200)
4(200 404 405 201)
4(201 405 406 202)
4(202 406 407 203)
4(0 204 255 51)
4(51 255 306 102)
4(102 306 357 153)
4(50 101 305 254)
4(101 152 356 305)
4(152 203 407 356)
4(0 1 205 204)
4(1 2 206 205)
4(2 3 207 206)
4(3 4 208 207)
4(4 5 209 208)
4(5 6 210 209)
4(6 7 211 210)
4(7 8 212 211)
4(8 9 213 212)
4(9 10 214 213)
4(10 11 215 214)
4(11 12 216 215)
4(12 13 217 216)
4(13 14 218 217)
4(14 15 219 218)
4(15 16 220 219)
4(16 17 221 220)
4(17 18 222 221)
4(18 19 223 222)
4(19 20 224 223)
4(20 21 225 224)
4(21 22 226 225)
4(22 23 227 226)
4(23 24 228 227)
4(24 25 229 228)
4(25 26 230 229)
4(26 27 231 230)
4(27 28 232 231)
4(28 29 233 232)
4(29 30 234 233)
4(30 31 235 234)
4(31 32 236 235)
4(32 33 237 236)
4(33 34 238 237)
4(34 35 239 238)
4(35 36 240 239)
4(36 37 241 240)
4(37 38 242 241)
4(38 39 243 242)
4(39 40 244 243)
4(40 41 245 244)
4(41 42 246 245)
4(42 43 247 246)
4(43 44 248 247)
4(44 45 249 248)
4(45 46 250 249)
4(46 47 251 250)
4(47 48 252 251)
4(48 49 253 252)
4(49 50 254 253)
4(204 205 256 255)
4(255 256 307 306)
4(306 307 358 357)
4(205 206 257 256)
4(256 257 308 307)
4(307 308 359 358)
4(206 207 258 257)
4(257 258 309 308)
4(308 309 360 359)
4(207 208 259 258)
4(258 259 310 309)
4(309 310 361 360)
4(208 209 260 259)
4(259 260 311 310)
4(310 311 362 361)
4(209 210 261 260)
4(260 261 312 311)
4(311 312 363 362)
4(210 211 262 261)
4(261 262 313 312)
4(312 313 364 363)
4(211 212 263 262)
4(262 263 314 313)
4(313 314 365 364)
4(212 213 264 263)
4(263 264 315 314)
4(314 315 366 365)
4(213 214 265 264)
4(264 265 316 315)
4(315 316 367 366)
4(214 215 266 265)
4(265 266 317 316)
4(316 317 368 367)
4(215 216 267 266)
4(266 267 318 317)
4(317 318 369 368)
4(216 217 268 267)
4(267 268 319 318)
4(318 319 370 369)
4(217 218 269 268)
4(268 269 320 319)
4(319 320 371 370)
4(218 219 270 269)
4(269 270 321 320)
4(320 321 372 371)
4(219 220 271 270)
4(270 271 322 321)
4(321 322 373 372)
4(220 221 272 271)
4(271 272 323 322)
4(322 323 374 373)
4(221 222 273 272)
4(272 273 324 323)
4(323 324 375 374)
4(222 223 274 273)
4(273 274 325 324)
4(324 325 376 375)
4(223 224 275 274)
4(274 275 326 325)
4(325 326 377 376)
4(224 225 276 275)
4(275 276 327 326)
4(326 327 378 377)
4(225 226 277 276)
4(276 277 328 327)
4(327 328 379 378)
4(226 227 278 277)
4(277 278 329 328)
4(328 329 380 379)
4(227 228 279 278)
4(278 279 330 329)
4(329 330 381 380)
4(228 229 280 279)
4(279 280 331 330)
4(330 331 382 381)
4(229 230 281 280)
4(280 281 332 331)
4(331 332 383 382)
4(230 231 282 281)
4(281 282 333 332)
4(332 333 384 383)
4(231 232 283 282)
4(282 283 334 333)
4(333 334 385 384)
4(232 233 284 283)
4(283 284 335 334)
4(334 335 386 385)
4(233 234 285 284)
4(284 285 336 335)
4(335 336 387 386)
4(234 235 286 285)
4(285 286 337 336)
4(336 337 388 387)
4(235 236 287 286)
4(286 287 338 337)
4(337 338 389 388)
4(236 237 288 287)
4(287 288 339 338)
4(338 339 390 389)
4(237 238 289 288)
4(288 289 340 339)
4(339 340 391 390)
4(238 239 290 289)
4(289 290 341 340)
4(340 341 392 391)
4(239 240 291 290)
4(290 291 342 341)
4(341 342 393 392)
4(240 241 292 291)
4(291 292 343 342)
4(342 343 394 393)
4(241 242 293 292)
4(292 293 344 343)
4(343 344 395 394)
4(242 243 294 293)
4(293 294 345 344)
4(344 345 396 395)
4(243 244 295 294)
4(294 295 346 345)
4(345 346 397 396)
4(244 245 296 295)
4(295 296 347 346)
4(346 347 398 397)
4(245 246 297 296)
4(296 297 348 347)
4(347 348 399 398)
4(246 247 298 297)
4(297 298 349 348)
4(348 349 400 399)
4(247 248 299 298)
4(298 299 350 349)
4(349 350 401 400)
4(248 249 300 299)
4(299 300 351 350)
4(350 351 402 401)
4(249 250 301 300)
4(300 301 352 351)
4(351 352 403 402)
4(250 251 302 301)
4(301 302 353 352)
4(352 353 404 403)
4(251 252 303 302)
4(302 303 354 353)
4(353 354 405 404)
4(252 253 304 303)
4(303 304 355 354)
4(354 355 406 405)
4(253 254 305 304)
4(304 305 356 355)
4(355 356 407 406)
4(0 51 52 1)
4(51 102 103 52)
4(102 153 154 103)
4(1 52 53 2)
4(52 103 104 53)
4(103 154 155 104)
4(2 53 54 3)
4(53 104 105 54)
4(104 155 156 105)
4(3 54 55 4)
4(54 105 106 55)
4(105 156 157 106)
4(4 55 56 5)
4(55 106 107 56)
4(106 157 158 107)
4(5 56 57 6)
4(56 107 108 57)
4(107 158 159 108)
4(6 57 58 7)
4(57 108 109 58)
4(108 159 160 109)
4(7 58 59 8)
4(58 109 110 59)
4(109 160 161 110)
4(8 59 60 9)
4(59 110 111 60)
4(110 161 162 111)
4(9 60 61 10)
4(60 111 112 61)
4(111 162 163 112)
4(10 61 62 11)
4(61 112 113 62)
4(112 163 164 113)
4(11 62 63 12)
4(62 113 114 63)
4(113 164 165 114)
4(12 63 64 13)
4(63 114 115 64)
4(114 165 166 115)
4(13 64 65 14)
4(64 115 116 65)
4(115 166 167 116)
4(14 65 66 15)
4(65 116 117 66)
4(116 167 168 117)
4(15 66 67 16)
4(66 117 118 67)
4(117 168 169 118)
4(16 67 68 17)
4(67 118 119 68)
4(118 169 170 119)
4(17 68 69 18)
4(68 119 120 69)
4(119 170 171 120)
4(18 69 70 19)
4(69 120 121 70)
4(120 171 172 121)
4(19 70 71 20)
4(70 121 122 71)
4(121 172 173 122)
4(20 71 72 21)
4(71 122 123 72)
4(122 173 174 123)
4(21 72 73 22)
4(72 123 124 73)
4(123 174 175 124)
4(22 73 74 23)
4(73 124 125 74)
4(124 175 176 125)
4(23 74 75 24)
4(74 125 126 75)
4(125 176 177 126)
4(24 75 76 25)
4(75 126 127 76)
4(126 177 178 127)
4(25 76 77 26)
4(76 127 128 77)
4(127 178 179 128)
4(26 77 78 27)
4(77 128 129 78)
4(128 179 180 129)
4(27 78 79 28)
4(78 129 130 79)
4(129 180 181 130)
4(28 79 80 29)
4(79 130 131 80)
4(130 181 182 131)
4(29 80 81 30)
4(80 131 132 81)
4(131 182 183 132)
4(30 81 82 31)
4(81 132 133 82)
4(132 183 184 133)
4(31 82 83 32)
4(82 133 134 83)
4(133 184 185 134)
4(32 83 84 33)
4(83 134 135 84)
4(134 185 186 135)
4(33 84 85 34)
4(84 135 136 85)
4(135 186 187 136)
4(34 85 86 35)
4(85 136 137 86)
4(136 187 188 137)
4(35 86 87 36)
4(86 137 138 87)
4(137 188 189 138)
4(36 87 88 37)
4(87 138 139 88)
4(138 189 190 139)
4(37 88 89 38)
4(88 139 140 89)
4(139 190 191 140)
4(38 89 90 39)
4(89 140 141 90)
4(140 191 192 141)
4(39 90 91 40)
4(90 141 142 91)
4(141 192 193 142)
4(40 91 92 41)
4(91 142 143 92)
4(142 193 194 143)
4(41 92 93 42)
4(92 143 144 93)
4(143 194 195 144)
4(42 93 94 43)
4(93 144 145 94)
4(144 195 196 145)
4(43 94 95 44)
4(94 145 146 95)
4(145 196 197 146)
4(44 95 96 45)
4(95 146 147 96)
4(146 197 198 147)
4(45 96 97 46)
4(96 147 148 97)
4(147 198 199 148)
4(46 97 98 47)
4(97 148 149 98)
4(148 199 200 149)
4(47 98 99 48)
4(98 149 150 99)
4(149 200 201 150)
4(48 99 100 49)
4(99 150 151 100)
4(150 201 202 151)
4(49 100 101 50)
4(100 151 152 101)
4(151 202 203 152)
)


// ************************************************************************* //
