/*--------------------------------*- C++ -*----------------------------------*\
  =========                 |
  \\      /  F ield         | OpenFOAM: The Open Source CFD Toolbox
   \\    /   O peration     | Website:  https://openfoam.org
    \\  /    A nd           | Version:  7
     \\/     M anipulation  |
\*---------------------------------------------------------------------------*/
FoamFile
{
    version     2.0;
    format      ascii;
    class       labelList;
    note        "nPoints: 408 nCells: 150 nFaces: 653 nInternalFaces: 247";
    location    "constant/polyMesh";
    object      owner;
}
// * * * * * * * * * * * * * * * * * * * * * * * * * * * * * * * * * * * * * //


653
(
0
0
1
1
2
2
3
3
4
4
5
5
6
6
7
7
8
8
9
9
10
10
11
11
12
12
13
13
14
14
15
15
16
16
17
17
18
18
19
19
20
20
21
21
22
22
23
23
24
24
25
25
26
26
27
27
28
28
29
29
30
30
31
31
32
32
33
33
34
34
35
35
36
36
37
37
38
38
39
39
40
40
41
41
42
42
43
43
44
44
45
45
46
46
47
47
48
48
49
50
50
51
51
52
52
53
53
54
54
55
55
56
56
57
57
58
58
59
59
60
60
61
61
62
62
63
63
64
64
65
65
66
66
67
67
68
68
69
69
70
70
71
71
72
72
73
73
74
74
75
75
76
76
77
77
78
78
79
79
80
80
81
81
82
82
83
83
84
84
85
85
86
86
87
87
88
88
89
89
90
90
91
91
92
92
93
93
94
94
95
95
96
96
97
97
98
98
99
100
101
102
103
104
105
106
107
108
109
110
111
112
113
114
115
116
117
118
119
120
121
122
123
124
125
126
127
128
129
130
131
132
133
134
135
136
137
138
139
140
141
142
143
144
145
146
147
148
100
101
102
103
104
105
106
107
108
109
110
111
112
113
114
115
116
117
118
119
120
121
122
123
124
125
126
127
128
129
130
131
132
133
134
135
136
137
138
139
140
141
142
143
144
145
146
147
148
149
0
50
100
49
99
149
0
1
2
3
4
5
6
7
8
9
10
11
12
13
14
15
16
17
18
19
20
21
22
23
24
25
26
27
28
29
30
31
32
33
34
35
36
37
38
39
40
41
42
43
44
45
46
47
48
49
0
50
100
1
51
101
2
52
102
3
53
103
4
54
104
5
55
105
6
56
106
7
57
107
8
58
108
9
59
109
10
60
110
11
61
111
12
62
112
13
63
113
14
64
114
15
65
115
16
66
116
17
67
117
18
68
118
19
69
119
20
70
120
21
71
121
22
72
122
23
73
123
24
74
124
25
75
125
26
76
126
27
77
127
28
78
128
29
79
129
30
80
130
31
81
131
32
82
132
33
83
133
34
84
134
35
85
135
36
86
136
37
87
137
38
88
138
39
89
139
40
90
140
41
91
141
42
92
142
43
93
143
44
94
144
45
95
145
46
96
146
47
97
147
48
98
148
49
99
149
0
50
100
1
51
101
2
52
102
3
53
103
4
54
104
5
55
105
6
56
106
7
57
107
8
58
108
9
59
109
10
60
110
11
61
111
12
62
112
13
63
113
14
64
114
15
65
115
16
66
116
17
67
117
18
68
118
19
69
119
20
70
120
21
71
121
22
72
122
23
73
123
24
74
124
25
75
125
26
76
126
27
77
127
28
78
128
29
79
129
30
80
130
31
81
131
32
82
132
33
83
133
34
84
134
35
85
135
36
86
136
37
87
137
38
88
138
39
89
139
40
90
140
41
91
141
42
92
142
43
93
143
44
94
144
45
95
145
46
96
146
47
97
147
48
98
148
49
99
149
)


// ************************************************************************* //
